3.548E-04 = radius(micron) ionized PAH/graphitic solid             
w(micron)   Q_ext     Q_abs     Q_sca    g=<cos>
1.000E+03 2.169E-09 2.169E-09 6.536E-23 0.00E+00
9.886E+02 2.219E-09 2.219E-09 6.844E-23 0.00E+00
9.772E+02 2.270E-09 2.270E-09 7.166E-23 0.00E+00
9.661E+02 2.322E-09 2.322E-09 7.504E-23 0.00E+00
9.550E+02 2.375E-09 2.375E-09 7.857E-23 0.00E+00
9.441E+02 2.430E-09 2.430E-09 8.227E-23 0.00E+00
9.333E+02 2.486E-09 2.486E-09 8.614E-23 0.00E+00
9.226E+02 2.543E-09 2.543E-09 9.019E-23 0.00E+00
9.120E+02 2.601E-09 2.601E-09 9.444E-23 0.00E+00
9.016E+02 2.661E-09 2.661E-09 9.889E-23 0.00E+00
8.913E+02 2.722E-09 2.722E-09 1.035E-22 0.00E+00
8.810E+02 2.784E-09 2.784E-09 1.084E-22 0.00E+00
8.710E+02 2.848E-09 2.848E-09 1.135E-22 0.00E+00
8.610E+02 2.914E-09 2.914E-09 1.189E-22 0.00E+00
8.511E+02 2.980E-09 2.980E-09 1.245E-22 0.00E+00
8.414E+02 3.049E-09 3.049E-09 1.303E-22 0.00E+00
8.318E+02 3.119E-09 3.119E-09 1.364E-22 0.00E+00
8.222E+02 3.191E-09 3.191E-09 1.429E-22 0.00E+00
8.128E+02 3.264E-09 3.264E-09 1.496E-22 0.00E+00
8.035E+02 3.339E-09 3.339E-09 1.566E-22 0.00E+00
7.943E+02 3.415E-09 3.415E-09 1.640E-22 0.00E+00
7.852E+02 3.494E-09 3.494E-09 1.717E-22 0.00E+00
7.762E+02 3.574E-09 3.574E-09 1.798E-22 0.00E+00
7.674E+02 3.656E-09 3.656E-09 1.883E-22 0.00E+00
7.586E+02 3.740E-09 3.740E-09 1.971E-22 0.00E+00
7.499E+02 3.826E-09 3.826E-09 2.064E-22 0.00E+00
7.413E+02 3.914E-09 3.914E-09 2.161E-22 0.00E+00
7.328E+02 4.004E-09 4.004E-09 2.263E-22 0.00E+00
7.244E+02 4.096E-09 4.096E-09 2.369E-22 0.00E+00
7.161E+02 4.190E-09 4.190E-09 2.481E-22 0.00E+00
7.079E+02 4.286E-09 4.286E-09 2.597E-22 0.00E+00
6.998E+02 4.385E-09 4.385E-09 2.719E-22 0.00E+00
6.918E+02 4.485E-09 4.485E-09 2.847E-22 0.00E+00
6.839E+02 4.588E-09 4.588E-09 2.981E-22 0.00E+00
6.761E+02 4.694E-09 4.694E-09 3.121E-22 0.00E+00
6.683E+02 4.801E-09 4.801E-09 3.268E-22 0.00E+00
6.607E+02 4.912E-09 4.912E-09 3.422E-22 0.00E+00
6.531E+02 5.024E-09 5.024E-09 3.583E-22 0.00E+00
6.457E+02 5.140E-09 5.140E-09 3.751E-22 0.00E+00
6.383E+02 5.257E-09 5.257E-09 3.928E-22 0.00E+00
6.310E+02 5.378E-09 5.378E-09 4.112E-22 0.00E+00
6.237E+02 5.501E-09 5.501E-09 4.306E-22 0.00E+00
6.166E+02 5.628E-09 5.628E-09 4.508E-22 0.00E+00
6.095E+02 5.757E-09 5.757E-09 4.720E-22 0.00E+00
6.026E+02 5.889E-09 5.889E-09 4.942E-22 0.00E+00
5.957E+02 6.024E-09 6.024E-09 5.174E-22 0.00E+00
5.888E+02 6.162E-09 6.162E-09 5.418E-22 0.00E+00
5.821E+02 6.303E-09 6.303E-09 5.672E-22 0.00E+00
5.754E+02 6.448E-09 6.448E-09 5.939E-22 0.00E+00
5.689E+02 6.595E-09 6.595E-09 6.218E-22 0.00E+00
5.623E+02 6.746E-09 6.746E-09 6.510E-22 0.00E+00
5.559E+02 6.901E-09 6.901E-09 6.816E-22 0.00E+00
5.495E+02 7.059E-09 7.059E-09 7.136E-22 0.00E+00
5.433E+02 7.220E-09 7.220E-09 7.471E-22 0.00E+00
5.370E+02 7.386E-09 7.386E-09 7.822E-22 0.00E+00
5.309E+02 7.555E-09 7.555E-09 8.190E-22 0.00E+00
5.248E+02 7.728E-09 7.728E-09 8.575E-22 0.00E+00
5.188E+02 7.904E-09 7.904E-09 8.977E-22 0.00E+00
5.129E+02 8.085E-09 8.085E-09 9.399E-22 0.00E+00
5.070E+02 8.270E-09 8.270E-09 9.840E-22 0.00E+00
5.012E+02 8.459E-09 8.459E-09 1.030E-21 0.00E+00
4.955E+02 8.652E-09 8.652E-09 1.079E-21 0.00E+00
4.898E+02 8.850E-09 8.850E-09 1.129E-21 0.00E+00
4.842E+02 9.052E-09 9.052E-09 1.182E-21 0.00E+00
4.786E+02 9.258E-09 9.258E-09 1.238E-21 0.00E+00
4.732E+02 9.469E-09 9.469E-09 1.296E-21 0.00E+00
4.677E+02 9.685E-09 9.685E-09 1.357E-21 0.00E+00
4.624E+02 9.906E-09 9.906E-09 1.420E-21 0.00E+00
4.571E+02 1.013E-08 1.013E-08 1.487E-21 0.00E+00
4.519E+02 1.036E-08 1.036E-08 1.557E-21 0.00E+00
4.467E+02 1.060E-08 1.060E-08 1.630E-21 0.00E+00
4.416E+02 1.084E-08 1.084E-08 1.706E-21 0.00E+00
4.365E+02 1.109E-08 1.109E-08 1.786E-21 0.00E+00
4.315E+02 1.134E-08 1.134E-08 1.870E-21 0.00E+00
4.266E+02 1.160E-08 1.160E-08 1.958E-21 0.00E+00
4.217E+02 1.186E-08 1.186E-08 2.050E-21 0.00E+00
4.169E+02 1.213E-08 1.213E-08 2.146E-21 0.00E+00
4.121E+02 1.241E-08 1.241E-08 2.246E-21 0.00E+00
4.074E+02 1.269E-08 1.269E-08 2.352E-21 0.00E+00
4.027E+02 1.297E-08 1.297E-08 2.462E-21 0.00E+00
3.981E+02 1.327E-08 1.327E-08 2.577E-21 0.00E+00
3.936E+02 1.357E-08 1.357E-08 2.698E-21 0.00E+00
3.890E+02 1.388E-08 1.388E-08 2.824E-21 0.00E+00
3.846E+02 1.419E-08 1.419E-08 2.957E-21 0.00E+00
3.802E+02 1.451E-08 1.451E-08 3.095E-21 0.00E+00
3.758E+02 1.484E-08 1.484E-08 3.240E-21 0.00E+00
3.715E+02 1.518E-08 1.518E-08 3.392E-21 0.00E+00
3.673E+02 1.552E-08 1.552E-08 3.551E-21 0.00E+00
3.631E+02 1.587E-08 1.587E-08 3.717E-21 0.00E+00
3.589E+02 1.623E-08 1.623E-08 3.891E-21 0.00E+00
3.548E+02 1.659E-08 1.659E-08 4.073E-21 0.00E+00
3.508E+02 1.697E-08 1.697E-08 4.264E-21 0.00E+00
3.467E+02 1.735E-08 1.735E-08 4.463E-21 0.00E+00
3.428E+02 1.774E-08 1.774E-08 4.672E-21 0.00E+00
3.388E+02 1.814E-08 1.814E-08 4.891E-21 0.00E+00
3.350E+02 1.855E-08 1.855E-08 5.119E-21 0.00E+00
3.311E+02 1.896E-08 1.896E-08 5.359E-21 0.00E+00
3.273E+02 1.939E-08 1.939E-08 5.609E-21 0.00E+00
3.236E+02 1.982E-08 1.982E-08 5.871E-21 0.00E+00
3.199E+02 2.027E-08 2.027E-08 6.146E-21 0.00E+00
3.162E+02 2.072E-08 2.072E-08 6.433E-21 0.00E+00
3.126E+02 2.119E-08 2.119E-08 6.734E-21 0.00E+00
3.090E+02 2.166E-08 2.166E-08 7.048E-21 0.00E+00
3.055E+02 2.214E-08 2.214E-08 7.377E-21 0.00E+00
3.020E+02 2.264E-08 2.264E-08 7.722E-21 0.00E+00
2.985E+02 2.314E-08 2.314E-08 8.082E-21 0.00E+00
2.951E+02 2.366E-08 2.366E-08 8.460E-21 0.00E+00
2.917E+02 2.418E-08 2.418E-08 8.854E-21 0.00E+00
2.884E+02 2.472E-08 2.472E-08 9.268E-21 0.00E+00
2.851E+02 2.527E-08 2.527E-08 9.700E-21 0.00E+00
2.818E+02 2.583E-08 2.583E-08 1.015E-20 0.00E+00
2.786E+02 2.641E-08 2.641E-08 1.063E-20 0.00E+00
2.754E+02 2.699E-08 2.699E-08 1.112E-20 0.00E+00
2.723E+02 2.759E-08 2.759E-08 1.164E-20 0.00E+00
2.692E+02 2.820E-08 2.820E-08 1.218E-20 0.00E+00
2.661E+02 2.882E-08 2.882E-08 1.275E-20 0.00E+00
2.630E+02 2.946E-08 2.946E-08 1.334E-20 0.00E+00
2.600E+02 3.011E-08 3.011E-08 1.397E-20 0.00E+00
2.570E+02 3.077E-08 3.077E-08 1.462E-20 0.00E+00
2.541E+02 3.145E-08 3.145E-08 1.530E-20 0.00E+00
2.512E+02 3.214E-08 3.214E-08 1.601E-20 0.00E+00
2.483E+02 3.285E-08 3.285E-08 1.675E-20 0.00E+00
2.455E+02 3.357E-08 3.357E-08 1.753E-20 0.00E+00
2.427E+02 3.430E-08 3.430E-08 1.835E-20 0.00E+00
2.399E+02 3.505E-08 3.505E-08 1.920E-20 0.00E+00
2.371E+02 3.582E-08 3.582E-08 2.009E-20 0.00E+00
2.344E+02 3.660E-08 3.660E-08 2.103E-20 0.00E+00
2.317E+02 3.740E-08 3.740E-08 2.200E-20 0.00E+00
2.291E+02 3.821E-08 3.821E-08 2.303E-20 0.00E+00
2.265E+02 3.904E-08 3.904E-08 2.409E-20 0.00E+00
2.239E+02 3.989E-08 3.989E-08 2.521E-20 0.00E+00
2.213E+02 4.076E-08 4.076E-08 2.638E-20 0.00E+00
2.188E+02 4.164E-08 4.164E-08 2.761E-20 0.00E+00
2.163E+02 4.254E-08 4.254E-08 2.889E-20 0.00E+00
2.138E+02 4.346E-08 4.346E-08 3.023E-20 0.00E+00
2.113E+02 4.440E-08 4.440E-08 3.163E-20 0.00E+00
2.089E+02 4.535E-08 4.535E-08 3.310E-20 0.00E+00
2.065E+02 4.633E-08 4.633E-08 3.463E-20 0.00E+00
2.042E+02 4.733E-08 4.733E-08 3.623E-20 0.00E+00
2.018E+02 4.834E-08 4.834E-08 3.791E-20 0.00E+00
1.995E+02 4.938E-08 4.938E-08 3.967E-20 0.00E+00
1.972E+02 5.043E-08 5.043E-08 4.150E-20 0.00E+00
1.950E+02 5.151E-08 5.151E-08 4.342E-20 0.00E+00
1.928E+02 5.261E-08 5.261E-08 4.543E-20 0.00E+00
1.905E+02 5.373E-08 5.373E-08 4.753E-20 0.00E+00
1.884E+02 5.488E-08 5.488E-08 4.973E-20 0.00E+00
1.862E+02 5.604E-08 5.604E-08 5.203E-20 0.00E+00
1.841E+02 5.723E-08 5.723E-08 5.443E-20 0.00E+00
1.820E+02 5.845E-08 5.845E-08 5.694E-20 0.00E+00
1.799E+02 5.968E-08 5.968E-08 5.957E-20 0.00E+00
1.778E+02 6.095E-08 6.095E-08 6.232E-20 0.00E+00
1.758E+02 6.223E-08 6.223E-08 6.520E-20 0.00E+00
1.738E+02 6.354E-08 6.354E-08 6.821E-20 0.00E+00
1.718E+02 6.488E-08 6.488E-08 7.135E-20 0.00E+00
1.698E+02 6.624E-08 6.624E-08 7.464E-20 0.00E+00
1.679E+02 6.763E-08 6.763E-08 7.808E-20 0.00E+00
1.660E+02 6.904E-08 6.904E-08 8.168E-20 0.00E+00
1.641E+02 7.049E-08 7.049E-08 8.544E-20 0.00E+00
1.622E+02 7.196E-08 7.196E-08 8.937E-20 0.00E+00
1.603E+02 7.345E-08 7.345E-08 9.348E-20 0.00E+00
1.585E+02 7.498E-08 7.498E-08 9.778E-20 0.00E+00
1.567E+02 7.654E-08 7.654E-08 1.023E-19 0.00E+00
1.549E+02 7.813E-08 7.813E-08 1.070E-19 0.00E+00
1.531E+02 7.974E-08 7.974E-08 1.119E-19 0.00E+00
1.514E+02 8.139E-08 8.139E-08 1.170E-19 0.00E+00
1.496E+02 8.307E-08 8.307E-08 1.224E-19 0.00E+00
1.479E+02 8.478E-08 8.478E-08 1.280E-19 0.00E+00
1.462E+02 8.652E-08 8.652E-08 1.339E-19 0.00E+00
1.445E+02 8.830E-08 8.830E-08 1.401E-19 0.00E+00
1.429E+02 9.011E-08 9.011E-08 1.465E-19 0.00E+00
1.413E+02 9.196E-08 9.196E-08 1.532E-19 0.00E+00
1.396E+02 9.384E-08 9.384E-08 1.602E-19 0.00E+00
1.380E+02 9.575E-08 9.575E-08 1.676E-19 0.00E+00
1.365E+02 9.771E-08 9.771E-08 1.752E-19 0.00E+00
1.349E+02 9.970E-08 9.970E-08 1.833E-19 0.00E+00
1.334E+02 1.017E-07 1.017E-07 1.917E-19 0.00E+00
1.318E+02 1.038E-07 1.038E-07 2.004E-19 0.00E+00
1.303E+02 1.059E-07 1.059E-07 2.096E-19 0.00E+00
1.288E+02 1.080E-07 1.080E-07 2.192E-19 0.00E+00
1.274E+02 1.102E-07 1.102E-07 2.292E-19 0.00E+00
1.259E+02 1.125E-07 1.125E-07 2.397E-19 0.00E+00
1.245E+02 1.147E-07 1.147E-07 2.506E-19 0.00E+00
1.230E+02 1.170E-07 1.170E-07 2.621E-19 0.00E+00
1.216E+02 1.194E-07 1.194E-07 2.741E-19 0.00E+00
1.202E+02 1.218E-07 1.218E-07 2.866E-19 0.00E+00
1.189E+02 1.243E-07 1.243E-07 2.997E-19 0.00E+00
1.175E+02 1.267E-07 1.267E-07 3.133E-19 0.00E+00
1.161E+02 1.293E-07 1.293E-07 3.276E-19 0.00E+00
1.148E+02 1.319E-07 1.319E-07 3.426E-19 0.00E+00
1.135E+02 1.345E-07 1.345E-07 3.582E-19 0.00E+00
1.122E+02 1.372E-07 1.372E-07 3.745E-19 0.00E+00
1.109E+02 1.400E-07 1.400E-07 3.916E-19 0.00E+00
1.096E+02 1.428E-07 1.428E-07 4.094E-19 0.00E+00
1.084E+02 1.456E-07 1.456E-07 4.281E-19 0.00E+00
1.072E+02 1.485E-07 1.485E-07 4.476E-19 0.00E+00
1.059E+02 1.515E-07 1.515E-07 4.679E-19 0.00E+00
1.047E+02 1.545E-07 1.545E-07 4.892E-19 0.00E+00
1.035E+02 1.576E-07 1.576E-07 5.115E-19 0.00E+00
1.023E+02 1.608E-07 1.608E-07 5.348E-19 0.00E+00
1.012E+02 1.640E-07 1.640E-07 5.591E-19 0.00E+00
1.000E+02 1.672E-07 1.672E-07 5.845E-19 0.00E+00
9.886E+01 1.706E-07 1.706E-07 6.111E-19 0.00E+00
9.772E+01 1.740E-07 1.740E-07 6.389E-19 0.00E+00
9.661E+01 1.774E-07 1.774E-07 6.679E-19 0.00E+00
9.550E+01 1.810E-07 1.810E-07 6.983E-19 0.00E+00
9.441E+01 1.846E-07 1.846E-07 7.300E-19 0.00E+00
9.333E+01 1.883E-07 1.883E-07 7.631E-19 0.00E+00
9.226E+01 1.920E-07 1.920E-07 7.978E-19 0.00E+00
9.120E+01 1.959E-07 1.959E-07 8.340E-19 0.00E+00
9.016E+01 1.998E-07 1.998E-07 8.719E-19 0.00E+00
8.913E+01 2.038E-07 2.038E-07 9.115E-19 0.00E+00
8.810E+01 2.079E-07 2.079E-07 9.529E-19 0.00E+00
8.710E+01 2.121E-07 2.121E-07 9.962E-19 0.00E+00
8.610E+01 2.163E-07 2.163E-07 1.041E-18 0.00E+00
8.511E+01 2.207E-07 2.207E-07 1.089E-18 0.00E+00
8.414E+01 2.251E-07 2.251E-07 1.138E-18 0.00E+00
8.318E+01 2.297E-07 2.297E-07 1.190E-18 0.00E+00
8.222E+01 2.343E-07 2.343E-07 1.244E-18 0.00E+00
8.128E+01 2.391E-07 2.391E-07 1.300E-18 0.00E+00
8.035E+01 2.440E-07 2.440E-07 1.359E-18 0.00E+00
7.943E+01 2.489E-07 2.489E-07 1.421E-18 0.00E+00
7.852E+01 2.540E-07 2.540E-07 1.486E-18 0.00E+00
7.762E+01 2.592E-07 2.592E-07 1.553E-18 0.00E+00
7.674E+01 2.646E-07 2.646E-07 1.623E-18 0.00E+00
7.586E+01 2.700E-07 2.700E-07 1.697E-18 0.00E+00
7.499E+01 2.756E-07 2.756E-07 1.774E-18 0.00E+00
7.413E+01 2.813E-07 2.813E-07 1.855E-18 0.00E+00
7.328E+01 2.872E-07 2.872E-07 1.939E-18 0.00E+00
7.244E+01 2.932E-07 2.932E-07 2.027E-18 0.00E+00
7.161E+01 2.993E-07 2.993E-07 2.119E-18 0.00E+00
7.079E+01 3.057E-07 3.057E-07 2.215E-18 0.00E+00
6.998E+01 3.121E-07 3.121E-07 2.316E-18 0.00E+00
6.918E+01 3.188E-07 3.188E-07 2.421E-18 0.00E+00
6.839E+01 3.256E-07 3.256E-07 2.531E-18 0.00E+00
6.761E+01 3.325E-07 3.325E-07 2.646E-18 0.00E+00
6.683E+01 3.397E-07 3.397E-07 2.767E-18 0.00E+00
6.607E+01 3.471E-07 3.471E-07 2.893E-18 0.00E+00
6.531E+01 3.546E-07 3.546E-07 3.024E-18 0.00E+00
6.457E+01 3.624E-07 3.624E-07 3.162E-18 0.00E+00
6.383E+01 3.704E-07 3.704E-07 3.306E-18 0.00E+00
6.310E+01 3.786E-07 3.786E-07 3.456E-18 0.00E+00
6.237E+01 3.870E-07 3.870E-07 3.614E-18 0.00E+00
6.166E+01 3.957E-07 3.957E-07 3.778E-18 0.00E+00
6.095E+01 4.046E-07 4.046E-07 3.950E-18 0.00E+00
6.026E+01 4.138E-07 4.138E-07 4.130E-18 0.00E+00
5.957E+01 4.232E-07 4.232E-07 4.318E-18 0.00E+00
5.888E+01 4.329E-07 4.329E-07 4.515E-18 0.00E+00
5.821E+01 4.430E-07 4.430E-07 4.721E-18 0.00E+00
5.754E+01 4.533E-07 4.533E-07 4.937E-18 0.00E+00
5.689E+01 4.639E-07 4.639E-07 5.162E-18 0.00E+00
5.623E+01 4.749E-07 4.749E-07 5.398E-18 0.00E+00
5.559E+01 4.862E-07 4.862E-07 5.644E-18 0.00E+00
5.495E+01 4.979E-07 4.979E-07 5.902E-18 0.00E+00
5.433E+01 5.099E-07 5.099E-07 6.172E-18 0.00E+00
5.370E+01 5.224E-07 5.224E-07 6.454E-18 0.00E+00
5.309E+01 5.352E-07 5.352E-07 6.749E-18 0.00E+00
5.248E+01 5.485E-07 5.485E-07 7.058E-18 0.00E+00
5.188E+01 5.622E-07 5.622E-07 7.381E-18 0.00E+00
5.129E+01 5.764E-07 5.764E-07 7.719E-18 0.00E+00
5.070E+01 5.910E-07 5.910E-07 8.072E-18 0.00E+00
5.012E+01 6.062E-07 6.062E-07 8.442E-18 0.00E+00
4.955E+01 6.218E-07 6.218E-07 8.829E-18 0.00E+00
4.898E+01 6.381E-07 6.381E-07 9.234E-18 0.00E+00
4.842E+01 6.549E-07 6.549E-07 9.658E-18 0.00E+00
4.786E+01 6.723E-07 6.723E-07 1.010E-17 0.00E+00
4.732E+01 6.903E-07 6.903E-07 1.056E-17 0.00E+00
4.677E+01 7.089E-07 7.089E-07 1.105E-17 0.00E+00
4.624E+01 7.282E-07 7.282E-07 1.156E-17 0.00E+00
4.571E+01 7.482E-07 7.482E-07 1.209E-17 0.00E+00
4.519E+01 7.690E-07 7.690E-07 1.264E-17 0.00E+00
4.467E+01 7.905E-07 7.905E-07 1.323E-17 0.00E+00
4.416E+01 8.128E-07 8.128E-07 1.383E-17 0.00E+00
4.365E+01 8.359E-07 8.359E-07 1.447E-17 0.00E+00
4.315E+01 8.599E-07 8.599E-07 1.514E-17 0.00E+00
4.266E+01 8.848E-07 8.848E-07 1.583E-17 0.00E+00
4.217E+01 9.106E-07 9.106E-07 1.656E-17 0.00E+00
4.169E+01 9.373E-07 9.373E-07 1.733E-17 0.00E+00
4.121E+01 9.651E-07 9.651E-07 1.813E-17 0.00E+00
4.074E+01 9.938E-07 9.938E-07 1.896E-17 0.00E+00
4.027E+01 1.024E-06 1.024E-06 1.984E-17 0.00E+00
3.981E+01 1.055E-06 1.055E-06 2.075E-17 0.00E+00
3.936E+01 1.087E-06 1.087E-06 2.171E-17 0.00E+00
3.890E+01 1.120E-06 1.120E-06 2.271E-17 0.00E+00
3.846E+01 1.154E-06 1.154E-06 2.376E-17 0.00E+00
3.802E+01 1.190E-06 1.190E-06 2.486E-17 0.00E+00
3.758E+01 1.227E-06 1.227E-06 2.601E-17 0.00E+00
3.715E+01 1.265E-06 1.265E-06 2.721E-17 0.00E+00
3.673E+01 1.304E-06 1.304E-06 2.847E-17 0.00E+00
3.631E+01 1.345E-06 1.345E-06 2.979E-17 0.00E+00
3.589E+01 1.387E-06 1.387E-06 3.117E-17 0.00E+00
3.548E+01 1.431E-06 1.431E-06 3.262E-17 0.00E+00
3.508E+01 1.475E-06 1.475E-06 3.413E-17 0.00E+00
3.467E+01 1.521E-06 1.521E-06 3.571E-17 0.00E+00
3.428E+01 1.569E-06 1.569E-06 3.737E-17 0.00E+00
3.388E+01 1.617E-06 1.617E-06 3.910E-17 0.00E+00
3.350E+01 1.667E-06 1.667E-06 4.092E-17 0.00E+00
3.311E+01 1.717E-06 1.717E-06 4.282E-17 0.00E+00
3.273E+01 1.769E-06 1.769E-06 4.481E-17 0.00E+00
3.236E+01 1.821E-06 1.821E-06 4.689E-17 0.00E+00
3.199E+01 1.875E-06 1.875E-06 4.907E-17 0.00E+00
3.162E+01 1.929E-06 1.929E-06 5.135E-17 0.00E+00
3.126E+01 1.983E-06 1.983E-06 5.374E-17 0.00E+00
3.090E+01 2.038E-06 2.038E-06 5.624E-17 0.00E+00
3.055E+01 2.093E-06 2.093E-06 5.886E-17 0.00E+00
3.020E+01 2.148E-06 2.148E-06 6.160E-17 0.00E+00
2.985E+01 2.203E-06 2.203E-06 6.446E-17 0.00E+00
2.951E+01 2.258E-06 2.258E-06 6.747E-17 0.00E+00
2.917E+01 2.312E-06 2.312E-06 7.061E-17 0.00E+00
2.884E+01 2.365E-06 2.365E-06 7.390E-17 0.00E+00
2.851E+01 2.418E-06 2.418E-06 7.734E-17 0.00E+00
2.818E+01 2.470E-06 2.470E-06 8.095E-17 0.00E+00
2.786E+01 2.521E-06 2.521E-06 8.472E-17 0.00E+00
2.754E+01 2.572E-06 2.572E-06 8.867E-17 0.00E+00
2.723E+01 2.623E-06 2.623E-06 9.281E-17 0.00E+00
2.692E+01 2.675E-06 2.675E-06 9.713E-17 0.00E+00
2.661E+01 2.728E-06 2.728E-06 1.017E-16 0.00E+00
2.630E+01 2.784E-06 2.784E-06 1.064E-16 0.00E+00
2.600E+01 2.845E-06 2.845E-06 1.114E-16 0.00E+00
2.570E+01 2.916E-06 2.916E-06 1.166E-16 0.00E+00
2.541E+01 2.999E-06 2.999E-06 1.220E-16 0.00E+00
2.512E+01 3.105E-06 3.105E-06 1.277E-16 0.00E+00
2.483E+01 3.246E-06 3.246E-06 1.336E-16 0.00E+00
2.455E+01 3.447E-06 3.447E-06 1.399E-16 0.00E+00
2.427E+01 3.752E-06 3.752E-06 1.464E-16 0.00E+00
2.399E+01 4.250E-06 4.250E-06 1.532E-16 0.00E+00
2.371E+01 5.104E-06 5.104E-06 1.603E-16 0.00E+00
2.344E+01 6.505E-06 6.505E-06 1.678E-16 0.00E+00
2.317E+01 7.932E-06 7.932E-06 1.757E-16 0.00E+00
2.291E+01 7.736E-06 7.736E-06 1.839E-16 0.00E+00
2.265E+01 6.681E-06 6.681E-06 1.924E-16 0.00E+00
2.239E+01 6.268E-06 6.268E-06 2.014E-16 0.00E+00
2.213E+01 6.777E-06 6.777E-06 2.108E-16 0.00E+00
2.188E+01 8.521E-06 8.521E-06 2.207E-16 0.00E+00
2.163E+01 1.250E-05 1.250E-05 2.310E-16 0.00E+00
2.138E+01 1.957E-05 1.957E-05 2.418E-16 0.00E+00
2.113E+01 2.226E-05 2.226E-05 2.531E-16 0.00E+00
2.089E+01 1.529E-05 1.529E-05 2.649E-16 0.00E+00
2.065E+01 9.566E-06 9.566E-06 2.773E-16 0.00E+00
2.042E+01 6.657E-06 6.657E-06 2.902E-16 0.00E+00
2.018E+01 5.174E-06 5.174E-06 3.038E-16 0.00E+00
1.995E+01 4.366E-06 4.366E-06 3.180E-16 0.00E+00
1.972E+01 3.913E-06 3.913E-06 3.328E-16 0.00E+00
1.950E+01 3.679E-06 3.679E-06 3.483E-16 0.00E+00
1.928E+01 3.622E-06 3.622E-06 3.646E-16 0.00E+00
1.905E+01 3.780E-06 3.780E-06 3.816E-16 0.00E+00
1.884E+01 4.356E-06 4.356E-06 3.994E-16 0.00E+00
1.862E+01 6.173E-06 6.173E-06 4.181E-16 0.00E+00
1.841E+01 1.337E-05 1.337E-05 4.376E-16 0.00E+00
1.820E+01 2.100E-05 2.100E-05 4.581E-16 0.00E+00
1.799E+01 8.406E-06 8.406E-06 4.795E-16 0.00E+00
1.778E+01 4.859E-06 4.859E-06 5.019E-16 0.00E+00
1.758E+01 3.796E-06 3.796E-06 5.254E-16 0.00E+00
1.738E+01 3.408E-06 3.408E-06 5.500E-16 0.00E+00
1.718E+01 3.308E-06 3.308E-06 5.757E-16 0.00E+00
1.698E+01 3.451E-06 3.451E-06 6.026E-16 0.00E+00
1.679E+01 4.093E-06 4.093E-06 6.308E-16 0.00E+00
1.660E+01 7.255E-06 7.255E-06 6.604E-16 0.00E+00
1.641E+01 3.360E-05 3.360E-05 6.913E-16 0.00E+00
1.622E+01 7.782E-06 7.782E-06 7.236E-16 0.00E+00
1.603E+01 4.218E-06 4.218E-06 7.575E-16 0.00E+00
1.585E+01 3.519E-06 3.519E-06 7.930E-16 0.00E+00
1.567E+01 3.319E-06 3.319E-06 8.301E-16 0.00E+00
1.549E+01 3.277E-06 3.277E-06 8.690E-16 0.00E+00
1.531E+01 3.310E-06 3.310E-06 9.097E-16 0.00E+00
1.514E+01 3.389E-06 3.389E-06 9.524E-16 0.00E+00
1.496E+01 3.504E-06 3.504E-06 9.970E-16 0.00E+00
1.479E+01 3.653E-06 3.653E-06 1.044E-15 0.00E+00
1.462E+01 3.841E-06 3.841E-06 1.093E-15 0.00E+00
1.445E+01 4.073E-06 4.073E-06 1.144E-15 0.00E+00
1.429E+01 4.361E-06 4.361E-06 1.198E-15 0.00E+00
1.413E+01 4.722E-06 4.722E-06 1.254E-15 0.00E+00
1.396E+01 5.184E-06 5.184E-06 1.313E-15 0.00E+00
1.380E+01 5.788E-06 5.788E-06 1.374E-15 0.00E+00
1.365E+01 6.602E-06 6.602E-06 1.439E-15 0.00E+00
1.349E+01 7.739E-06 7.739E-06 1.506E-15 0.00E+00
1.334E+01 9.382E-06 9.382E-06 1.577E-15 0.00E+00
1.318E+01 1.182E-05 1.182E-05 1.651E-15 0.00E+00
1.303E+01 1.538E-05 1.538E-05 1.728E-15 0.00E+00
1.288E+01 1.987E-05 1.987E-05 1.809E-15 0.00E+00
1.274E+01 2.328E-05 2.328E-05 1.894E-15 0.00E+00
1.259E+01 2.289E-05 2.289E-05 1.983E-15 0.00E+00
1.245E+01 2.007E-05 2.007E-05 2.076E-15 0.00E+00
1.230E+01 1.808E-05 1.808E-05 2.173E-15 0.00E+00
1.216E+01 1.876E-05 1.876E-05 2.275E-15 0.00E+00
1.202E+01 2.472E-05 2.472E-05 2.382E-15 0.00E+00
1.189E+01 3.294E-05 3.294E-05 2.496E-15 0.00E+00
1.175E+01 2.860E-05 2.860E-05 2.619E-15 0.00E+00
1.161E+01 3.273E-05 3.273E-05 2.753E-15 0.00E+00
1.148E+01 5.026E-05 5.026E-05 2.805E-15 0.00E+00
1.135E+01 7.856E-05 7.856E-05 2.978E-15 0.00E+00
1.122E+01 7.240E-05 7.240E-05 3.123E-15 0.00E+00
1.109E+01 4.356E-05 4.356E-05 3.273E-15 0.00E+00
1.096E+01 2.743E-05 2.743E-05 3.429E-15 0.00E+00
1.084E+01 1.999E-05 1.999E-05 3.591E-15 0.00E+00
1.072E+01 1.643E-05 1.643E-05 3.761E-15 0.00E+00
1.059E+01 1.469E-05 1.469E-05 3.937E-15 0.00E+00
1.047E+01 1.392E-05 1.392E-05 4.121E-15 0.00E+00
1.035E+01 1.375E-05 1.375E-05 4.314E-15 0.00E+00
1.023E+01 1.399E-05 1.399E-05 4.516E-15 0.00E+00
1.012E+01 1.456E-05 1.456E-05 4.728E-15 0.00E+00
1.000E+01 1.544E-05 1.544E-05 4.950E-15 0.00E+00
9.886E+00 1.662E-05 1.662E-05 5.182E-15 0.00E+00
9.772E+00 1.815E-05 1.815E-05 5.426E-15 0.00E+00
9.661E+00 2.009E-05 2.009E-05 5.681E-15 0.00E+00
9.550E+00 2.258E-05 2.258E-05 5.947E-15 0.00E+00
9.441E+00 2.578E-05 2.578E-05 6.226E-15 0.00E+00
9.333E+00 3.000E-05 3.000E-05 6.518E-15 0.00E+00
9.226E+00 3.574E-05 3.574E-05 6.824E-15 0.00E+00
9.120E+00 4.391E-05 4.391E-05 7.144E-15 0.00E+00
9.016E+00 5.620E-05 5.620E-05 7.479E-15 0.00E+00
8.913E+00 7.587E-05 7.587E-05 7.829E-15 0.00E+00
8.810E+00 1.089E-04 1.089E-04 8.196E-15 0.00E+00
8.710E+00 1.600E-04 1.600E-04 8.580E-15 0.00E+00
8.610E+00 2.025E-04 2.025E-04 8.982E-15 0.00E+00
8.511E+00 1.859E-04 1.859E-04 9.403E-15 0.00E+00
8.414E+00 1.499E-04 1.499E-04 9.843E-15 0.00E+00
8.318E+00 1.334E-04 1.334E-04 1.030E-14 0.00E+00
8.222E+00 1.361E-04 1.361E-04 1.079E-14 0.00E+00
8.128E+00 1.536E-04 1.536E-04 1.129E-14 0.00E+00
8.035E+00 1.843E-04 1.843E-04 1.182E-14 0.00E+00
7.943E+00 2.266E-04 2.266E-04 1.237E-14 0.00E+00
7.852E+00 2.745E-04 2.745E-04 1.295E-14 0.00E+00
7.762E+00 3.119E-04 3.119E-04 1.355E-14 0.00E+00
7.674E+00 3.185E-04 3.185E-04 1.419E-14 0.00E+00
7.586E+00 2.892E-04 2.892E-04 1.485E-14 0.00E+00
7.499E+00 2.404E-04 2.404E-04 1.555E-14 0.00E+00
7.413E+00 1.911E-04 1.911E-04 1.628E-14 0.00E+00
7.328E+00 1.502E-04 1.502E-04 1.704E-14 0.00E+00
7.244E+00 1.191E-04 1.191E-04 1.783E-14 0.00E+00
7.161E+00 9.623E-05 9.623E-05 1.867E-14 0.00E+00
7.079E+00 7.959E-05 7.959E-05 1.954E-14 0.00E+00
6.998E+00 6.758E-05 6.758E-05 2.046E-14 0.00E+00
6.918E+00 5.910E-05 5.910E-05 2.141E-14 0.00E+00
6.839E+00 5.347E-05 5.347E-05 2.241E-14 0.00E+00
6.761E+00 5.034E-05 5.034E-05 2.346E-14 0.00E+00
6.683E+00 4.978E-05 4.978E-05 2.456E-14 0.00E+00
6.607E+00 5.234E-05 5.234E-05 2.571E-14 0.00E+00
6.531E+00 5.936E-05 5.936E-05 2.691E-14 0.00E+00
6.457E+00 7.375E-05 7.375E-05 2.817E-14 0.00E+00
6.383E+00 1.011E-04 1.011E-04 2.948E-14 0.00E+00
6.310E+00 1.487E-04 1.487E-04 3.085E-14 0.00E+00
6.237E+00 2.046E-04 2.046E-04 3.231E-14 0.00E+00
6.166E+00 2.050E-04 2.050E-04 3.381E-14 0.00E+00
6.095E+00 1.471E-04 1.471E-04 3.539E-14 0.00E+00
6.026E+00 9.565E-05 9.565E-05 3.704E-14 0.00E+00
5.957E+00 6.439E-05 6.439E-05 3.877E-14 0.00E+00
5.888E+00 4.610E-05 4.610E-05 4.058E-14 0.00E+00
5.821E+00 3.489E-05 3.489E-05 4.248E-14 0.00E+00
5.754E+00 2.761E-05 2.761E-05 4.446E-14 0.00E+00
5.689E+00 2.262E-05 2.262E-05 4.653E-14 0.00E+00
5.623E+00 1.904E-05 1.904E-05 4.870E-14 0.00E+00
5.559E+00 1.637E-05 1.637E-05 5.097E-14 0.00E+00
5.495E+00 1.432E-05 1.432E-05 5.335E-14 0.00E+00
5.433E+00 1.270E-05 1.270E-05 5.584E-14 0.00E+00
5.370E+00 1.140E-05 1.140E-05 5.844E-14 0.00E+00
5.309E+00 1.032E-05 1.032E-05 6.116E-14 0.00E+00
5.248E+00 9.427E-06 9.427E-06 6.401E-14 0.00E+00
5.188E+00 8.669E-06 8.669E-06 6.699E-14 0.00E+00
5.129E+00 8.021E-06 8.021E-06 7.011E-14 0.00E+00
5.070E+00 7.460E-06 7.460E-06 7.337E-14 0.00E+00
5.012E+00 6.972E-06 6.972E-06 7.678E-14 0.00E+00
4.955E+00 6.544E-06 6.544E-06 8.036E-14 0.00E+00
4.898E+00 6.165E-06 6.165E-06 8.410E-14 0.00E+00
4.842E+00 5.828E-06 5.828E-06 8.802E-14 0.00E+00
4.786E+00 5.528E-06 5.528E-06 9.212E-14 0.00E+00
4.732E+00 5.259E-06 5.259E-06 9.640E-14 0.00E+00
4.677E+00 5.016E-06 5.016E-06 1.009E-13 0.00E+00
4.624E+00 4.798E-06 4.798E-06 1.056E-13 0.00E+00
4.571E+00 4.599E-06 4.599E-06 1.105E-13 0.00E+00
4.519E+00 4.420E-06 4.420E-06 1.156E-13 0.00E+00
4.467E+00 4.256E-06 4.256E-06 1.210E-13 0.00E+00
4.416E+00 4.107E-06 4.107E-06 1.266E-13 0.00E+00
4.365E+00 3.971E-06 3.971E-06 1.325E-13 0.00E+00
4.315E+00 3.846E-06 3.846E-06 1.387E-13 0.00E+00
4.266E+00 3.733E-06 3.733E-06 1.451E-13 0.00E+00
4.217E+00 3.629E-06 3.629E-06 1.519E-13 0.00E+00
4.169E+00 3.534E-06 3.534E-06 1.589E-13 0.00E+00
4.121E+00 3.447E-06 3.447E-06 1.663E-13 0.00E+00
4.074E+00 3.367E-06 3.367E-06 1.741E-13 0.00E+00
4.027E+00 3.295E-06 3.295E-06 1.821E-13 0.00E+00
3.981E+00 3.229E-06 3.229E-06 1.906E-13 0.00E+00
3.936E+00 3.169E-06 3.169E-06 1.994E-13 0.00E+00
3.890E+00 3.116E-06 3.116E-06 2.087E-13 0.00E+00
3.846E+00 3.068E-06 3.068E-06 2.184E-13 0.00E+00
3.802E+00 3.025E-06 3.025E-06 2.285E-13 0.00E+00
3.758E+00 2.989E-06 2.989E-06 2.392E-13 0.00E+00
3.715E+00 2.959E-06 2.959E-06 2.503E-13 0.00E+00
3.673E+00 2.935E-06 2.935E-06 2.619E-13 0.00E+00
3.631E+00 2.920E-06 2.920E-06 2.741E-13 0.00E+00
3.589E+00 2.917E-06 2.917E-06 2.868E-13 0.00E+00
3.548E+00 2.929E-06 2.929E-06 3.001E-13 0.00E+00
3.508E+00 2.967E-06 2.967E-06 3.140E-13 0.00E+00
3.467E+00 3.054E-06 3.054E-06 3.286E-13 0.00E+00
3.428E+00 3.252E-06 3.252E-06 3.438E-13 0.00E+00
3.388E+00 3.772E-06 3.772E-06 3.598E-13 0.00E+00
3.350E+00 5.713E-06 5.713E-06 3.765E-13 0.00E+00
3.311E+00 1.887E-05 1.887E-05 3.939E-13 0.00E+00
3.273E+00 1.035E-05 1.035E-05 4.122E-13 0.00E+00
3.236E+00 4.534E-06 4.534E-06 4.314E-13 0.00E+00
3.199E+00 3.449E-06 3.449E-06 4.513E-13 0.00E+00
3.162E+00 3.087E-06 3.087E-06 4.722E-13 0.00E+00
3.126E+00 2.932E-06 2.932E-06 4.941E-13 0.00E+00
3.090E+00 2.850E-06 2.850E-06 5.170E-13 0.00E+00
3.055E+00 2.805E-06 2.805E-06 5.409E-13 0.00E+00
3.020E+00 2.779E-06 2.779E-06 5.660E-13 0.00E+00
2.985E+00 2.766E-06 2.766E-06 5.922E-13 0.00E+00
2.951E+00 2.759E-06 2.759E-06 6.196E-13 0.00E+00
2.917E+00 2.759E-06 2.759E-06 6.483E-13 0.00E+00
2.884E+00 2.763E-06 2.763E-06 6.784E-13 0.00E+00
2.851E+00 2.771E-06 2.771E-06 7.098E-13 0.00E+00
2.818E+00 2.781E-06 2.781E-06 7.426E-13 0.00E+00
2.786E+00 2.794E-06 2.794E-06 7.769E-13 0.00E+00
2.754E+00 2.809E-06 2.809E-06 8.128E-13 0.00E+00
2.723E+00 2.826E-06 2.826E-06 8.504E-13 0.00E+00
2.692E+00 2.845E-06 2.845E-06 8.896E-13 0.00E+00
2.661E+00 2.865E-06 2.865E-06 9.309E-13 0.00E+00
2.630E+00 2.887E-06 2.887E-06 9.738E-13 0.00E+00
2.600E+00 2.911E-06 2.911E-06 1.019E-12 0.00E+00
2.570E+00 2.935E-06 2.935E-06 1.066E-12 0.00E+00
2.541E+00 2.961E-06 2.961E-06 1.115E-12 0.00E+00
2.512E+00 2.988E-06 2.988E-06 1.166E-12 0.00E+00
2.483E+00 3.016E-06 3.016E-06 1.220E-12 0.00E+00
2.455E+00 3.047E-06 3.047E-06 1.277E-12 0.00E+00
2.427E+00 3.078E-06 3.078E-06 1.336E-12 0.00E+00
2.399E+00 3.111E-06 3.111E-06 1.397E-12 0.00E+00
2.371E+00 3.145E-06 3.145E-06 1.462E-12 0.00E+00
2.344E+00 3.181E-06 3.181E-06 1.529E-12 0.00E+00
2.317E+00 3.218E-06 3.218E-06 1.600E-12 0.00E+00
2.291E+00 3.256E-06 3.256E-06 1.674E-12 0.00E+00
2.265E+00 3.296E-06 3.296E-06 1.751E-12 0.00E+00
2.239E+00 3.336E-06 3.336E-06 1.832E-12 0.00E+00
2.213E+00 3.379E-06 3.379E-06 1.917E-12 4.29E-07
2.188E+00 3.423E-06 3.423E-06 2.006E-12 4.38E-07
2.163E+00 3.468E-06 3.468E-06 2.098E-12 4.46E-07
2.138E+00 3.514E-06 3.514E-06 2.195E-12 4.55E-07
2.113E+00 3.562E-06 3.562E-06 2.296E-12 4.64E-07
2.089E+00 3.610E-06 3.610E-06 2.402E-12 4.73E-07
2.065E+00 3.659E-06 3.659E-06 2.513E-12 4.83E-07
2.042E+00 3.710E-06 3.710E-06 2.629E-12 4.92E-07
2.018E+00 3.762E-06 3.762E-06 2.750E-12 5.02E-07
1.995E+00 3.816E-06 3.816E-06 2.877E-12 5.12E-07
1.972E+00 3.871E-06 3.871E-06 3.010E-12 5.22E-07
1.950E+00 3.927E-06 3.927E-06 3.148E-12 5.32E-07
1.928E+00 3.985E-06 3.985E-06 3.294E-12 5.43E-07
1.905E+00 4.045E-06 4.045E-06 3.446E-12 5.53E-07
1.884E+00 4.106E-06 4.106E-06 3.605E-12 5.64E-07
1.862E+00 4.168E-06 4.168E-06 3.771E-12 5.75E-07
1.841E+00 4.232E-06 4.232E-06 3.945E-12 5.87E-07
1.820E+00 4.298E-06 4.298E-06 4.127E-12 5.98E-07
1.799E+00 4.365E-06 4.365E-06 4.317E-12 6.09E-07
1.778E+00 4.434E-06 4.434E-06 4.517E-12 6.21E-07
1.758E+00 4.504E-06 4.504E-06 4.725E-12 6.33E-07
1.738E+00 4.576E-06 4.576E-06 4.943E-12 6.46E-07
1.718E+00 4.649E-06 4.649E-06 5.170E-12 6.58E-07
1.698E+00 4.724E-06 4.724E-06 5.409E-12 6.71E-07
1.679E+00 4.800E-06 4.800E-06 5.658E-12 6.84E-07
1.660E+00 4.878E-06 4.878E-06 5.918E-12 6.98E-07
1.641E+00 4.957E-06 4.957E-06 6.190E-12 7.11E-07
1.622E+00 5.036E-06 5.036E-06 6.475E-12 7.26E-07
1.603E+00 5.117E-06 5.117E-06 6.773E-12 7.40E-07
1.585E+00 5.200E-06 5.200E-06 7.084E-12 7.55E-07
1.567E+00 5.284E-06 5.284E-06 7.411E-12 7.70E-07
1.549E+00 5.370E-06 5.370E-06 7.752E-12 7.85E-07
1.531E+00 5.458E-06 5.458E-06 8.110E-12 8.01E-07
1.514E+00 5.548E-06 5.548E-06 8.484E-12 8.16E-07
1.496E+00 5.640E-06 5.640E-06 8.876E-12 8.32E-07
1.479E+00 5.735E-06 5.735E-06 9.286E-12 8.48E-07
1.462E+00 5.832E-06 5.832E-06 9.715E-12 8.65E-07
1.445E+00 5.931E-06 5.931E-06 1.016E-11 8.81E-07
1.429E+00 6.034E-06 6.034E-06 1.063E-11 8.98E-07
1.413E+00 6.139E-06 6.139E-06 1.112E-11 9.15E-07
1.396E+00 6.246E-06 6.246E-06 1.164E-11 9.32E-07
1.380E+00 6.356E-06 6.356E-06 1.217E-11 9.49E-07
1.365E+00 6.468E-06 6.468E-06 1.273E-11 9.67E-07
1.349E+00 6.581E-06 6.581E-06 1.332E-11 9.86E-07
1.334E+00 6.698E-06 6.698E-06 1.393E-11 1.00E-06
1.318E+00 6.816E-06 6.816E-06 1.458E-11 1.02E-06
1.303E+00 6.937E-06 6.937E-06 1.525E-11 1.04E-06
1.288E+00 7.060E-06 7.060E-06 1.595E-11 1.06E-06
1.274E+00 7.185E-06 7.185E-06 1.668E-11 1.08E-06
1.259E+00 7.313E-06 7.313E-06 1.745E-11 1.11E-06
1.245E+00 7.442E-06 7.442E-06 1.825E-11 1.13E-06
1.230E+00 7.573E-06 7.573E-06 1.909E-11 1.15E-06
1.216E+00 7.708E-06 7.708E-06 1.997E-11 1.17E-06
1.202E+00 7.845E-06 7.845E-06 2.089E-11 1.19E-06
1.189E+00 7.986E-06 7.986E-06 2.186E-11 1.22E-06
1.175E+00 8.130E-06 8.130E-06 2.286E-11 1.24E-06
1.161E+00 8.277E-06 8.277E-06 2.392E-11 1.26E-06
1.148E+00 8.429E-06 8.428E-06 2.502E-11 1.29E-06
1.135E+00 8.584E-06 8.584E-06 2.617E-11 1.31E-06
1.122E+00 8.743E-06 8.743E-06 2.737E-11 1.34E-06
1.109E+00 8.908E-06 8.908E-06 2.863E-11 1.36E-06
1.096E+00 9.077E-06 9.077E-06 2.995E-11 1.39E-06
1.084E+00 9.250E-06 9.250E-06 3.133E-11 1.42E-06
1.072E+00 9.428E-06 9.427E-06 3.277E-11 1.44E-06
1.059E+00 9.610E-06 9.610E-06 3.428E-11 1.47E-06
1.047E+00 9.797E-06 9.797E-06 3.585E-11 1.50E-06
1.035E+00 9.990E-06 9.990E-06 3.750E-11 1.53E-06
1.023E+00 1.019E-05 1.019E-05 3.922E-11 1.55E-06
1.012E+00 1.039E-05 1.039E-05 4.102E-11 1.58E-06
1.000E+00 1.060E-05 1.060E-05 4.291E-11 1.61E-06
9.886E-01 1.082E-05 1.082E-05 4.488E-11 1.65E-06
9.772E-01 1.104E-05 1.104E-05 4.694E-11 1.68E-06
9.661E-01 1.127E-05 1.127E-05 4.909E-11 1.71E-06
9.550E-01 1.151E-05 1.151E-05 5.134E-11 1.74E-06
9.441E-01 1.176E-05 1.176E-05 5.369E-11 1.78E-06
9.333E-01 1.202E-05 1.202E-05 5.615E-11 1.81E-06
9.226E-01 1.229E-05 1.229E-05 5.872E-11 1.85E-06
9.120E-01 1.258E-05 1.258E-05 6.140E-11 1.88E-06
9.016E-01 1.287E-05 1.287E-05 6.421E-11 1.92E-06
8.913E-01 1.318E-05 1.318E-05 6.714E-11 1.96E-06
8.810E-01 1.351E-05 1.351E-05 7.021E-11 2.00E-06
8.710E-01 1.386E-05 1.386E-05 7.341E-11 2.04E-06
8.610E-01 1.424E-05 1.424E-05 7.676E-11 2.08E-06
8.511E-01 1.464E-05 1.464E-05 8.026E-11 2.12E-06
8.414E-01 1.507E-05 1.507E-05 8.392E-11 2.16E-06
8.318E-01 1.554E-05 1.554E-05 8.774E-11 2.21E-06
8.222E-01 1.605E-05 1.605E-05 9.174E-11 2.25E-06
8.128E-01 1.662E-05 1.662E-05 9.592E-11 2.30E-06
8.035E-01 1.725E-05 1.725E-05 1.003E-10 2.35E-06
7.943E-01 1.795E-05 1.795E-05 1.049E-10 2.39E-06
7.852E-01 1.874E-05 1.874E-05 1.096E-10 2.44E-06
7.762E-01 1.963E-05 1.963E-05 1.146E-10 2.49E-06
7.674E-01 2.066E-05 2.066E-05 1.198E-10 2.55E-06
7.586E-01 2.185E-05 2.185E-05 1.253E-10 2.60E-06
7.499E-01 2.324E-05 2.324E-05 1.310E-10 2.65E-06
7.413E-01 2.487E-05 2.487E-05 1.370E-10 2.71E-06
7.328E-01 2.681E-05 2.681E-05 1.432E-10 2.77E-06
7.244E-01 2.915E-05 2.915E-05 1.497E-10 2.83E-06
7.161E-01 3.197E-05 3.197E-05 1.565E-10 2.89E-06
7.079E-01 3.543E-05 3.543E-05 1.636E-10 2.95E-06
6.998E-01 3.972E-05 3.972E-05 1.711E-10 3.01E-06
6.918E-01 4.508E-05 4.508E-05 1.789E-10 3.08E-06
6.839E-01 5.187E-05 5.187E-05 1.870E-10 3.15E-06
6.761E-01 6.057E-05 6.057E-05 1.956E-10 3.21E-06
6.683E-01 7.186E-05 7.186E-05 2.045E-10 3.28E-06
6.607E-01 8.669E-05 8.669E-05 2.138E-10 3.36E-06
6.531E-01 1.064E-04 1.064E-04 2.236E-10 3.43E-06
6.457E-01 1.329E-04 1.329E-04 2.339E-10 3.51E-06
6.383E-01 1.688E-04 1.688E-04 2.446E-10 3.59E-06
6.310E-01 2.175E-04 2.175E-04 2.558E-10 3.67E-06
6.237E-01 2.827E-04 2.827E-04 2.676E-10 3.75E-06
6.166E-01 3.671E-04 3.671E-04 2.799E-10 3.83E-06
6.095E-01 4.699E-04 4.699E-04 2.928E-10 3.92E-06
6.026E-01 5.846E-04 5.846E-04 3.063E-10 4.00E-06
5.957E-01 7.007E-04 7.007E-04 3.204E-10 4.09E-06
5.888E-01 8.090E-04 8.090E-04 3.352E-10 4.18E-06
5.821E-01 9.046E-04 9.046E-04 3.507E-10 4.28E-06
5.754E-01 9.867E-04 9.867E-04 3.670E-10 4.37E-06
5.689E-01 1.057E-03 1.057E-03 3.841E-10 4.47E-06
5.623E-01 1.119E-03 1.119E-03 4.020E-10 4.57E-06
5.559E-01 1.178E-03 1.178E-03 4.207E-10 4.67E-06
5.495E-01 1.239E-03 1.239E-03 4.404E-10 4.77E-06
5.433E-01 1.310E-03 1.310E-03 4.611E-10 4.88E-06
5.370E-01 1.401E-03 1.401E-03 4.828E-10 4.98E-06
5.309E-01 1.522E-03 1.522E-03 5.056E-10 5.09E-06
5.248E-01 1.685E-03 1.685E-03 5.295E-10 5.20E-06
5.188E-01 1.899E-03 1.899E-03 5.546E-10 5.32E-06
5.129E-01 2.165E-03 2.165E-03 5.810E-10 5.43E-06
5.070E-01 2.469E-03 2.469E-03 6.087E-10 5.55E-06
5.012E-01 2.786E-03 2.786E-03 6.377E-10 5.67E-06
4.955E-01 3.094E-03 3.094E-03 6.683E-10 5.79E-06
4.898E-01 3.384E-03 3.384E-03 7.004E-10 5.92E-06
4.842E-01 3.656E-03 3.656E-03 7.340E-10 6.04E-06
4.786E-01 3.913E-03 3.913E-03 7.692E-10 6.17E-06
4.732E-01 4.160E-03 4.160E-03 8.061E-10 6.30E-06
4.677E-01 4.401E-03 4.401E-03 8.449E-10 6.43E-06
4.624E-01 4.638E-03 4.638E-03 8.857E-10 6.56E-06
4.571E-01 4.874E-03 4.874E-03 9.285E-10 6.69E-06
4.519E-01 5.111E-03 5.111E-03 9.735E-10 6.83E-06
4.467E-01 5.351E-03 5.351E-03 1.021E-09 6.96E-06
4.416E-01 5.593E-03 5.593E-03 1.071E-09 7.10E-06
4.365E-01 5.840E-03 5.840E-03 1.123E-09 7.23E-06
4.315E-01 6.090E-03 6.090E-03 1.177E-09 7.36E-06
4.266E-01 6.346E-03 6.346E-03 1.234E-09 7.50E-06
4.217E-01 6.608E-03 6.608E-03 1.294E-09 7.63E-06
4.169E-01 6.875E-03 6.875E-03 1.357E-09 7.77E-06
4.121E-01 7.148E-03 7.148E-03 1.423E-09 7.90E-06
4.074E-01 7.427E-03 7.427E-03 1.493E-09 8.04E-06
4.027E-01 7.713E-03 7.713E-03 1.565E-09 8.18E-06
3.981E-01 8.005E-03 8.005E-03 1.642E-09 8.32E-06
3.935E-01 8.303E-03 8.303E-03 1.722E-09 8.46E-06
3.890E-01 8.609E-03 8.609E-03 1.806E-09 8.60E-06
3.846E-01 8.922E-03 8.922E-03 1.894E-09 8.74E-06
3.802E-01 9.241E-03 9.241E-03 1.987E-09 8.89E-06
3.758E-01 9.568E-03 9.568E-03 2.085E-09 9.03E-06
3.715E-01 9.902E-03 9.902E-03 2.189E-09 9.17E-06
3.673E-01 1.024E-02 1.024E-02 2.298E-09 9.31E-06
3.631E-01 1.059E-02 1.059E-02 2.414E-09 9.46E-06
3.589E-01 1.095E-02 1.095E-02 2.537E-09 9.62E-06
3.548E-01 1.131E-02 1.131E-02 2.668E-09 9.77E-06
3.508E-01 1.168E-02 1.168E-02 2.807E-09 9.91E-06
3.467E-01 1.206E-02 1.206E-02 2.955E-09 1.00E-05
3.428E-01 1.244E-02 1.244E-02 3.112E-09 1.02E-05
3.388E-01 1.284E-02 1.284E-02 3.280E-09 1.03E-05
3.350E-01 1.324E-02 1.324E-02 3.459E-09 1.04E-05
3.311E-01 1.365E-02 1.365E-02 3.650E-09 1.05E-05
3.273E-01 1.406E-02 1.406E-02 3.854E-09 1.05E-05
3.236E-01 1.449E-02 1.449E-02 4.074E-09 1.05E-05
3.199E-01 1.492E-02 1.492E-02 4.309E-09 1.05E-05
3.162E-01 1.536E-02 1.536E-02 4.560E-09 1.05E-05
3.126E-01 1.580E-02 1.580E-02 4.827E-09 1.04E-05
3.090E-01 1.626E-02 1.626E-02 5.112E-09 1.02E-05
3.055E-01 1.672E-02 1.672E-02 5.415E-09 1.01E-05
3.020E-01 1.716E-02 1.716E-02 5.740E-09 9.82E-06
2.985E-01 1.747E-02 1.747E-02 6.088E-09 9.53E-06
2.951E-01 1.781E-02 1.781E-02 6.462E-09 9.18E-06
2.917E-01 1.817E-02 1.817E-02 6.866E-09 8.77E-06
2.884E-01 1.858E-02 1.858E-02 7.307E-09 8.28E-06
2.851E-01 1.902E-02 1.902E-02 7.786E-09 7.71E-06
2.818E-01 1.951E-02 1.951E-02 8.341E-09 6.91E-06
2.786E-01 2.005E-02 2.005E-02 8.933E-09 6.09E-06
2.754E-01 2.064E-02 2.064E-02 9.570E-09 5.28E-06
2.723E-01 2.130E-02 2.130E-02 1.027E-08 4.46E-06
2.692E-01 2.204E-02 2.204E-02 1.103E-08 3.68E-06
2.661E-01 2.286E-02 2.286E-02 1.188E-08 2.95E-06
2.630E-01 2.379E-02 2.379E-02 1.284E-08 2.29E-06
2.600E-01 2.483E-02 2.483E-02 1.392E-08 1.72E-06
2.570E-01 2.600E-02 2.600E-02 1.513E-08 1.27E-06
2.541E-01 2.731E-02 2.731E-02 1.647E-08 9.61E-07
2.512E-01 2.880E-02 2.880E-02 1.798E-08 7.77E-07
2.483E-01 3.048E-02 3.048E-02 1.969E-08 7.04E-07
2.455E-01 3.237E-02 3.237E-02 2.165E-08 7.37E-07
2.427E-01 3.448E-02 3.448E-02 2.391E-08 8.91E-07
2.399E-01 3.683E-02 3.683E-02 2.652E-08 1.17E-06
2.371E-01 3.940E-02 3.940E-02 2.936E-08 1.59E-06
2.344E-01 4.217E-02 4.217E-02 3.240E-08 2.10E-06
2.317E-01 4.505E-02 4.505E-02 3.557E-08 2.65E-06
2.291E-01 4.795E-02 4.795E-02 3.883E-08 3.22E-06
2.265E-01 5.070E-02 5.070E-02 4.216E-08 3.82E-06
2.239E-01 5.308E-02 5.308E-02 4.569E-08 4.44E-06
2.213E-01 5.489E-02 5.489E-02 4.933E-08 5.11E-06
2.188E-01 5.591E-02 5.591E-02 5.224E-08 5.86E-06
2.163E-01 5.604E-02 5.604E-02 5.363E-08 6.71E-06
2.138E-01 5.524E-02 5.524E-02 5.350E-08 7.60E-06
2.113E-01 5.365E-02 5.365E-02 5.237E-08 8.49E-06
2.089E-01 5.144E-02 5.144E-02 5.041E-08 9.41E-06
2.065E-01 4.885E-02 4.885E-02 4.778E-08 1.03E-05
2.042E-01 4.607E-02 4.607E-02 4.460E-08 1.13E-05
2.018E-01 4.328E-02 4.328E-02 4.109E-08 1.23E-05
1.995E-01 4.061E-02 4.061E-02 3.745E-08 1.33E-05
1.972E-01 3.812E-02 3.812E-02 3.385E-08 1.44E-05
1.950E-01 3.584E-02 3.584E-02 3.044E-08 1.55E-05
1.928E-01 3.380E-02 3.380E-02 2.729E-08 1.66E-05
1.905E-01 3.199E-02 3.199E-02 2.444E-08 1.77E-05
1.884E-01 3.039E-02 3.039E-02 2.184E-08 1.89E-05
1.862E-01 2.898E-02 2.898E-02 1.959E-08 2.01E-05
1.841E-01 2.774E-02 2.774E-02 1.766E-08 2.14E-05
1.820E-01 2.666E-02 2.666E-02 1.602E-08 2.28E-05
1.799E-01 2.571E-02 2.571E-02 1.463E-08 2.42E-05
1.778E-01 2.487E-02 2.487E-02 1.350E-08 2.56E-05
1.758E-01 2.414E-02 2.414E-02 1.256E-08 2.71E-05
1.738E-01 2.350E-02 2.350E-02 1.180E-08 2.86E-05
1.718E-01 2.293E-02 2.293E-02 1.120E-08 3.01E-05
1.698E-01 2.244E-02 2.244E-02 1.075E-08 3.17E-05
1.679E-01 2.201E-02 2.201E-02 1.046E-08 3.32E-05
1.660E-01 2.165E-02 2.165E-02 1.031E-08 3.48E-05
1.641E-01 2.136E-02 2.136E-02 1.033E-08 3.64E-05
1.622E-01 2.113E-02 2.113E-02 1.050E-08 3.79E-05
1.603E-01 2.097E-02 2.097E-02 1.081E-08 3.95E-05
1.585E-01 2.086E-02 2.086E-02 1.129E-08 4.10E-05
1.567E-01 2.081E-02 2.081E-02 1.190E-08 4.26E-05
1.549E-01 2.081E-02 2.081E-02 1.266E-08 4.43E-05
1.531E-01 2.087E-02 2.087E-02 1.355E-08 4.59E-05
1.514E-01 2.098E-02 2.098E-02 1.460E-08 4.76E-05
1.496E-01 2.114E-02 2.114E-02 1.581E-08 4.94E-05
1.479E-01 2.135E-02 2.135E-02 1.722E-08 5.11E-05
1.462E-01 2.162E-02 2.162E-02 1.883E-08 5.28E-05
1.445E-01 2.193E-02 2.193E-02 2.069E-08 5.46E-05
1.429E-01 2.231E-02 2.231E-02 2.278E-08 5.64E-05
1.413E-01 2.274E-02 2.274E-02 2.510E-08 5.82E-05
1.396E-01 2.322E-02 2.322E-02 2.767E-08 6.01E-05
1.380E-01 2.376E-02 2.376E-02 3.045E-08 6.20E-05
1.365E-01 2.437E-02 2.436E-02 3.355E-08 6.40E-05
1.349E-01 2.503E-02 2.503E-02 3.702E-08 6.62E-05
1.334E-01 2.575E-02 2.575E-02 4.088E-08 6.85E-05
1.318E-01 2.654E-02 2.654E-02 4.518E-08 7.10E-05
1.303E-01 2.740E-02 2.740E-02 4.995E-08 7.36E-05
1.288E-01 2.888E-02 2.888E-02 5.526E-08 7.64E-05
1.274E-01 3.000E-02 3.000E-02 6.113E-08 7.94E-05
1.259E-01 3.118E-02 3.118E-02 6.761E-08 8.26E-05
1.245E-01 3.240E-02 3.240E-02 7.477E-08 8.59E-05
1.230E-01 3.368E-02 3.368E-02 8.265E-08 8.94E-05
1.216E-01 3.501E-02 3.501E-02 9.126E-08 9.29E-05
1.202E-01 3.639E-02 3.639E-02 1.007E-07 9.62E-05
1.189E-01 3.781E-02 3.781E-02 1.110E-07 9.95E-05
1.175E-01 3.928E-02 3.928E-02 1.222E-07 1.03E-04
1.161E-01 4.079E-02 4.079E-02 1.346E-07 1.06E-04
1.148E-01 4.235E-02 4.235E-02 1.489E-07 1.08E-04
1.135E-01 4.394E-02 4.394E-02 1.681E-07 1.11E-04
1.122E-01 4.556E-02 4.556E-02 1.884E-07 1.12E-04
1.109E-01 4.722E-02 4.722E-02 2.107E-07 1.08E-04
1.096E-01 4.892E-02 4.892E-02 2.355E-07 9.89E-05
1.084E-01 5.065E-02 5.065E-02 2.658E-07 8.84E-05
1.072E-01 5.241E-02 5.241E-02 3.010E-07 8.09E-05
1.059E-01 5.418E-02 5.418E-02 3.351E-07 7.89E-05
1.047E-01 5.598E-02 5.597E-02 3.678E-07 7.94E-05
1.035E-01 5.778E-02 5.778E-02 3.994E-07 7.97E-05
1.023E-01 5.959E-02 5.959E-02 4.299E-07 7.99E-05
1.012E-01 6.139E-02 6.139E-02 4.634E-07 7.88E-05
1.000E-01 6.343E-02 6.343E-02 5.013E-07 7.69E-05
9.886E-02 6.484E-02 6.484E-02 5.513E-07 7.36E-05
9.772E-02 6.632E-02 6.632E-02 6.087E-07 7.03E-05
9.661E-02 6.788E-02 6.788E-02 6.653E-07 6.84E-05
9.550E-02 6.952E-02 6.952E-02 7.180E-07 6.76E-05
9.441E-02 7.125E-02 7.125E-02 7.571E-07 6.79E-05
9.333E-02 7.308E-02 7.308E-02 7.885E-07 6.88E-05
9.226E-02 7.503E-02 7.503E-02 8.235E-07 6.96E-05
9.120E-02 7.711E-02 7.711E-02 8.570E-07 7.07E-05
9.016E-02 7.935E-02 7.934E-02 8.774E-07 7.31E-05
8.913E-02 8.176E-02 8.175E-02 9.001E-07 7.50E-05
8.810E-02 8.437E-02 8.437E-02 9.376E-07 7.56E-05
8.710E-02 8.724E-02 8.724E-02 9.967E-07 7.45E-05
8.610E-02 9.038E-02 9.038E-02 1.068E-06 7.29E-05
8.511E-02 9.386E-02 9.386E-02 1.151E-06 7.10E-05
8.414E-02 9.772E-02 9.771E-02 1.249E-06 6.90E-05
8.318E-02 1.020E-01 1.020E-01 1.361E-06 6.72E-05
8.222E-02 1.068E-01 1.068E-01 1.484E-06 6.62E-05
8.128E-02 1.122E-01 1.122E-01 1.618E-06 6.62E-05
8.035E-02 1.182E-01 1.182E-01 1.764E-06 6.67E-05
7.943E-02 1.249E-01 1.249E-01 1.922E-06 6.79E-05
7.852E-02 1.324E-01 1.324E-01 2.087E-06 6.97E-05
7.762E-02 1.404E-01 1.404E-01 2.252E-06 7.23E-05
7.674E-02 1.489E-01 1.489E-01 2.406E-06 7.52E-05
7.586E-02 1.576E-01 1.576E-01 2.553E-06 7.83E-05
7.499E-02 1.660E-01 1.660E-01 2.688E-06 8.17E-05
7.413E-02 1.734E-01 1.734E-01 2.806E-06 8.53E-05
7.328E-02 1.790E-01 1.790E-01 2.904E-06 8.92E-05
7.244E-02 1.823E-01 1.823E-01 3.000E-06 9.29E-05
7.161E-02 1.828E-01 1.828E-01 3.087E-06 9.67E-05
7.079E-02 1.808E-01 1.808E-01 3.148E-06 1.01E-04
6.998E-02 1.766E-01 1.766E-01 3.180E-06 1.05E-04
6.918E-02 1.710E-01 1.710E-01 3.180E-06 1.09E-04
6.839E-02 1.647E-01 1.647E-01 3.116E-06 1.14E-04
6.761E-02 1.583E-01 1.583E-01 3.011E-06 1.20E-04
6.683E-02 1.522E-01 1.522E-01 2.892E-06 1.25E-04
6.607E-02 1.467E-01 1.467E-01 2.764E-06 1.30E-04
6.531E-02 1.407E-01 1.407E-01 2.629E-06 1.36E-04
6.457E-02 1.346E-01 1.346E-01 2.531E-06 1.41E-04
6.383E-02 1.284E-01 1.284E-01 2.449E-06 1.46E-04
6.310E-02 1.222E-01 1.222E-01 2.379E-06 1.51E-04
6.237E-02 1.159E-01 1.159E-01 2.321E-06 1.56E-04
6.166E-02 1.096E-01 1.096E-01 2.282E-06 1.61E-04
6.095E-02 1.031E-01 1.031E-01 2.257E-06 1.66E-04
6.026E-02 9.662E-02 9.661E-02 2.235E-06 1.72E-04
5.957E-02 9.003E-02 9.003E-02 2.218E-06 1.77E-04
5.888E-02 8.337E-02 8.337E-02 2.202E-06 1.83E-04
5.821E-02 7.664E-02 7.663E-02 2.169E-06 1.88E-04
5.754E-02 7.340E-02 7.340E-02 2.134E-06 1.94E-04
5.689E-02 7.076E-02 7.076E-02 2.096E-06 2.00E-04
5.623E-02 6.802E-02 6.801E-02 2.054E-06 2.06E-04
5.559E-02 6.510E-02 6.510E-02 2.000E-06 2.12E-04
5.495E-02 6.225E-02 6.225E-02 1.946E-06 2.18E-04
5.433E-02 5.948E-02 5.948E-02 1.891E-06 2.24E-04
5.370E-02 5.690E-02 5.689E-02 1.836E-06 2.31E-04
5.309E-02 5.468E-02 5.468E-02 1.789E-06 2.38E-04
5.248E-02 5.262E-02 5.262E-02 1.744E-06 2.44E-04
5.188E-02 5.071E-02 5.071E-02 1.701E-06 2.51E-04
5.129E-02 4.889E-02 4.889E-02 1.662E-06 2.58E-04
5.070E-02 4.714E-02 4.714E-02 1.627E-06 2.66E-04
5.012E-02 4.547E-02 4.547E-02 1.595E-06 2.73E-04
4.955E-02 4.390E-02 4.389E-02 1.565E-06 2.80E-04
4.898E-02 4.241E-02 4.241E-02 1.537E-06 2.88E-04
4.842E-02 4.097E-02 4.096E-02 1.509E-06 2.96E-04
4.786E-02 3.955E-02 3.955E-02 1.481E-06 3.04E-04
4.732E-02 3.806E-02 3.806E-02 1.448E-06 3.12E-04
4.677E-02 3.657E-02 3.657E-02 1.414E-06 3.20E-04
4.624E-02 3.514E-02 3.514E-02 1.380E-06 3.29E-04
4.571E-02 3.389E-02 3.389E-02 1.349E-06 3.38E-04
4.519E-02 3.286E-02 3.286E-02 1.323E-06 3.47E-04
4.467E-02 3.188E-02 3.187E-02 1.295E-06 3.56E-04
4.416E-02 3.084E-02 3.083E-02 1.265E-06 3.66E-04
4.365E-02 2.955E-02 2.955E-02 1.229E-06 3.75E-04
4.315E-02 2.833E-02 2.833E-02 1.191E-06 3.85E-04
4.266E-02 2.724E-02 2.724E-02 1.153E-06 3.96E-04
4.217E-02 2.656E-02 2.656E-02 1.116E-06 4.06E-04
4.169E-02 2.603E-02 2.603E-02 1.081E-06 4.17E-04
4.121E-02 2.564E-02 2.564E-02 1.049E-06 4.28E-04
4.074E-02 2.527E-02 2.527E-02 1.025E-06 4.39E-04
4.027E-02 2.498E-02 2.498E-02 1.005E-06 4.51E-04
3.981E-02 2.477E-02 2.477E-02 9.883E-07 4.63E-04
3.935E-02 2.464E-02 2.464E-02 9.735E-07 4.74E-04
3.890E-02 2.461E-02 2.461E-02 9.627E-07 4.87E-04
3.846E-02 2.469E-02 2.469E-02 9.546E-07 4.99E-04
3.802E-02 2.490E-02 2.490E-02 9.542E-07 5.12E-04
3.758E-02 2.526E-02 2.526E-02 9.644E-07 5.24E-04
3.715E-02 2.604E-02 2.604E-02 1.003E-06 5.37E-04
3.673E-02 2.672E-02 2.672E-02 1.051E-06 5.50E-04
3.631E-02 2.703E-02 2.703E-02 1.101E-06 5.63E-04
3.589E-02 2.670E-02 2.670E-02 1.138E-06 5.76E-04
3.548E-02 2.612E-02 2.611E-02 1.169E-06 5.89E-04
3.508E-02 2.559E-02 2.559E-02 1.187E-06 6.03E-04
3.467E-02 2.508E-02 2.508E-02 1.199E-06 6.18E-04
3.428E-02 2.456E-02 2.456E-02 1.207E-06 6.33E-04
3.388E-02 2.406E-02 2.406E-02 1.216E-06 6.48E-04
3.350E-02 2.357E-02 2.357E-02 1.224E-06 6.64E-04
3.311E-02 2.308E-02 2.308E-02 1.231E-06 6.80E-04
3.273E-02 2.260E-02 2.260E-02 1.237E-06 6.97E-04
3.236E-02 2.212E-02 2.212E-02 1.243E-06 7.14E-04
3.199E-02 2.165E-02 2.165E-02 1.248E-06 7.31E-04
3.162E-02 2.119E-02 2.119E-02 1.252E-06 7.49E-04
3.126E-02 2.073E-02 2.073E-02 1.256E-06 7.67E-04
3.090E-02 2.028E-02 2.028E-02 1.260E-06 7.86E-04
3.055E-02 1.984E-02 1.984E-02 1.264E-06 8.05E-04
3.020E-02 1.941E-02 1.940E-02 1.267E-06 8.25E-04
2.985E-02 1.898E-02 1.897E-02 1.270E-06 8.45E-04
2.951E-02 1.855E-02 1.855E-02 1.272E-06 8.65E-04
2.917E-02 1.814E-02 1.814E-02 1.274E-06 8.86E-04
2.884E-02 1.774E-02 1.773E-02 1.276E-06 9.08E-04
2.851E-02 1.734E-02 1.734E-02 1.278E-06 9.30E-04
2.818E-02 1.695E-02 1.695E-02 1.279E-06 9.52E-04
2.786E-02 1.657E-02 1.657E-02 1.281E-06 9.76E-04
2.754E-02 1.620E-02 1.620E-02 1.283E-06 9.99E-04
2.723E-02 1.584E-02 1.584E-02 1.284E-06 1.02E-03
2.692E-02 1.549E-02 1.549E-02 1.286E-06 1.05E-03
2.661E-02 1.514E-02 1.514E-02 1.287E-06 1.07E-03
2.630E-02 1.479E-02 1.479E-02 1.288E-06 1.10E-03
2.600E-02 1.446E-02 1.446E-02 1.289E-06 1.13E-03
2.570E-02 1.413E-02 1.413E-02 1.290E-06 1.15E-03
2.541E-02 1.381E-02 1.380E-02 1.290E-06 1.18E-03
2.512E-02 1.349E-02 1.349E-02 1.290E-06 1.21E-03
2.483E-02 1.318E-02 1.317E-02 1.291E-06 1.24E-03
2.455E-02 1.287E-02 1.287E-02 1.291E-06 1.27E-03
2.427E-02 1.257E-02 1.257E-02 1.291E-06 1.30E-03
2.399E-02 1.228E-02 1.228E-02 1.291E-06 1.33E-03
2.371E-02 1.200E-02 1.200E-02 1.292E-06 1.36E-03
2.344E-02 1.172E-02 1.172E-02 1.292E-06 1.40E-03
2.317E-02 1.145E-02 1.145E-02 1.292E-06 1.43E-03
2.291E-02 1.118E-02 1.118E-02 1.292E-06 1.46E-03
2.265E-02 1.092E-02 1.092E-02 1.292E-06 1.50E-03
2.239E-02 1.067E-02 1.067E-02 1.292E-06 1.53E-03
2.213E-02 1.042E-02 1.042E-02 1.292E-06 1.57E-03
2.188E-02 1.017E-02 1.017E-02 1.292E-06 1.61E-03
2.163E-02 9.934E-03 9.933E-03 1.292E-06 1.65E-03
2.138E-02 9.703E-03 9.702E-03 1.292E-06 1.69E-03
2.113E-02 9.476E-03 9.475E-03 1.291E-06 1.73E-03
2.089E-02 9.251E-03 9.250E-03 1.291E-06 1.77E-03
2.065E-02 9.030E-03 9.029E-03 1.290E-06 1.81E-03
2.042E-02 8.822E-03 8.821E-03 1.291E-06 1.85E-03
2.018E-02 8.616E-03 8.615E-03 1.290E-06 1.90E-03
1.995E-02 8.412E-03 8.410E-03 1.290E-06 1.94E-03
1.972E-02 8.210E-03 8.209E-03 1.289E-06 1.99E-03
1.950E-02 8.011E-03 8.010E-03 1.288E-06 2.04E-03
1.928E-02 7.816E-03 7.815E-03 1.287E-06 2.09E-03
1.905E-02 7.626E-03 7.625E-03 1.286E-06 2.14E-03
1.884E-02 7.443E-03 7.442E-03 1.285E-06 2.19E-03
1.862E-02 7.264E-03 7.263E-03 1.284E-06 2.24E-03
1.841E-02 7.088E-03 7.087E-03 1.282E-06 2.29E-03
1.820E-02 6.917E-03 6.915E-03 1.281E-06 2.35E-03
1.799E-02 6.750E-03 6.749E-03 1.280E-06 2.40E-03
1.778E-02 6.588E-03 6.587E-03 1.279E-06 2.46E-03
1.758E-02 6.430E-03 6.429E-03 1.278E-06 2.52E-03
1.738E-02 6.274E-03 6.273E-03 1.277E-06 2.58E-03
1.718E-02 6.121E-03 6.119E-03 1.275E-06 2.64E-03
1.698E-02 5.971E-03 5.969E-03 1.274E-06 2.70E-03
1.679E-02 5.825E-03 5.824E-03 1.272E-06 2.77E-03
1.660E-02 5.683E-03 5.682E-03 1.271E-06 2.83E-03
1.641E-02 5.546E-03 5.544E-03 1.270E-06 2.90E-03
1.622E-02 5.410E-03 5.408E-03 1.268E-06 2.97E-03
1.603E-02 5.276E-03 5.275E-03 1.267E-06 3.04E-03
1.585E-02 5.146E-03 5.145E-03 1.265E-06 3.11E-03
1.567E-02 5.020E-03 5.018E-03 1.263E-06 3.19E-03
1.549E-02 4.897E-03 4.896E-03 1.261E-06 3.26E-03
1.531E-02 4.776E-03 4.774E-03 1.260E-06 3.34E-03
1.514E-02 4.657E-03 4.655E-03 1.258E-06 3.42E-03
1.496E-02 4.540E-03 4.539E-03 1.256E-06 3.50E-03
1.479E-02 4.427E-03 4.425E-03 1.254E-06 3.58E-03
1.462E-02 4.317E-03 4.315E-03 1.252E-06 3.67E-03
1.445E-02 4.210E-03 4.208E-03 1.250E-06 3.76E-03
1.429E-02 4.105E-03 4.103E-03 1.248E-06 3.84E-03
1.413E-02 4.002E-03 4.001E-03 1.246E-06 3.94E-03
1.396E-02 3.902E-03 3.901E-03 1.244E-06 4.03E-03
1.380E-02 3.806E-03 3.804E-03 1.241E-06 4.12E-03
1.365E-02 3.711E-03 3.710E-03 1.239E-06 4.22E-03
1.349E-02 3.618E-03 3.616E-03 1.237E-06 4.32E-03
1.334E-02 3.526E-03 3.525E-03 1.234E-06 4.42E-03
1.318E-02 3.438E-03 3.436E-03 1.231E-06 4.53E-03
1.303E-02 3.352E-03 3.350E-03 1.229E-06 4.63E-03
1.288E-02 3.268E-03 3.267E-03 1.227E-06 4.74E-03
1.274E-02 3.186E-03 3.185E-03 1.224E-06 4.86E-03
1.259E-02 3.105E-03 3.104E-03 1.222E-06 4.97E-03
1.245E-02 3.025E-03 3.024E-03 1.219E-06 5.09E-03
1.230E-02 2.951E-03 2.949E-03 1.217E-06 5.21E-03
1.216E-02 2.878E-03 2.877E-03 1.215E-06 5.33E-03
1.202E-02 2.806E-03 2.805E-03 1.212E-06 5.46E-03
1.189E-02 2.735E-03 2.734E-03 1.209E-06 5.59E-03
1.175E-02 2.665E-03 2.664E-03 1.206E-06 5.72E-03
1.161E-02 2.596E-03 2.594E-03 1.203E-06 5.85E-03
1.148E-02 2.528E-03 2.527E-03 1.199E-06 5.99E-03
1.135E-02 2.461E-03 2.460E-03 1.195E-06 6.13E-03
1.122E-02 2.397E-03 2.396E-03 1.191E-06 6.28E-03
1.109E-02 2.336E-03 2.335E-03 1.188E-06 6.42E-03
1.096E-02 2.275E-03 2.274E-03 1.184E-06 6.57E-03
1.084E-02 2.216E-03 2.215E-03 1.180E-06 6.73E-03
1.072E-02 2.158E-03 2.157E-03 1.176E-06 6.89E-03
1.059E-02 2.102E-03 2.101E-03 1.172E-06 7.05E-03
1.047E-02 2.048E-03 2.047E-03 1.168E-06 7.22E-03
1.035E-02 1.997E-03 1.995E-03 1.165E-06 7.39E-03
1.023E-02 1.945E-03 1.944E-03 1.161E-06 7.56E-03
1.012E-02 1.894E-03 1.893E-03 1.157E-06 7.74E-03
1.000E-02 1.845E-03 1.844E-03 1.152E-06 7.92E-03
9.886E-03 1.796E-03 1.795E-03 1.148E-06 8.11E-03
9.772E-03 1.749E-03 1.748E-03 1.143E-06 8.30E-03
9.661E-03 1.704E-03 1.703E-03 1.139E-06 8.49E-03
9.550E-03 1.660E-03 1.659E-03 1.135E-06 8.69E-03
9.441E-03 1.617E-03 1.616E-03 1.130E-06 8.90E-03
9.333E-03 1.574E-03 1.573E-03 1.125E-06 9.11E-03
9.226E-03 1.533E-03 1.531E-03 1.120E-06 9.32E-03
9.120E-03 1.492E-03 1.491E-03 1.115E-06 9.54E-03
9.016E-03 1.453E-03 1.452E-03 1.110E-06 9.76E-03
8.913E-03 1.415E-03 1.414E-03 1.104E-06 9.99E-03
8.810E-03 1.378E-03 1.377E-03 1.099E-06 1.02E-02
8.710E-03 1.342E-03 1.341E-03 1.093E-06 1.05E-02
8.610E-03 1.306E-03 1.305E-03 1.088E-06 1.07E-02
8.511E-03 1.272E-03 1.271E-03 1.082E-06 1.10E-02
8.414E-03 1.238E-03 1.237E-03 1.075E-06 1.12E-02
8.318E-03 1.205E-03 1.204E-03 1.069E-06 1.15E-02
8.222E-03 1.174E-03 1.173E-03 1.063E-06 1.18E-02
8.128E-03 1.143E-03 1.142E-03 1.056E-06 1.20E-02
8.035E-03 1.112E-03 1.111E-03 1.050E-06 1.23E-02
7.943E-03 1.082E-03 1.081E-03 1.042E-06 1.26E-02
7.852E-03 1.053E-03 1.052E-03 1.035E-06 1.29E-02
7.762E-03 1.026E-03 1.025E-03 1.028E-06 1.32E-02
7.674E-03 9.979E-04 9.969E-04 1.020E-06 1.35E-02
7.586E-03 9.708E-04 9.698E-04 1.012E-06 1.38E-02
7.499E-03 9.446E-04 9.436E-04 1.004E-06 1.42E-02
7.413E-03 9.193E-04 9.183E-04 9.963E-07 1.45E-02
7.328E-03 8.952E-04 8.942E-04 9.883E-07 1.48E-02
7.244E-03 8.714E-04 8.705E-04 9.799E-07 1.52E-02
7.161E-03 8.481E-04 8.471E-04 9.711E-07 1.55E-02
7.079E-03 8.256E-04 8.246E-04 9.622E-07 1.59E-02
6.998E-03 8.035E-04 8.026E-04 9.531E-07 1.63E-02
6.918E-03 7.818E-04 7.809E-04 9.435E-07 1.67E-02
6.839E-03 7.609E-04 7.600E-04 9.337E-07 1.71E-02
6.761E-03 7.406E-04 7.397E-04 9.235E-07 1.75E-02
6.683E-03 7.206E-04 7.196E-04 9.128E-07 1.79E-02
6.607E-03 7.009E-04 7.000E-04 9.016E-07 1.83E-02
6.531E-03 6.817E-04 6.809E-04 8.900E-07 1.87E-02
6.457E-03 6.636E-04 6.627E-04 8.787E-07 1.92E-02
6.383E-03 6.456E-04 6.448E-04 8.667E-07 1.96E-02
6.310E-03 6.280E-04 6.271E-04 8.540E-07 2.01E-02
6.237E-03 6.107E-04 6.098E-04 8.407E-07 2.05E-02
6.166E-03 5.943E-04 5.935E-04 8.277E-07 2.10E-02
6.095E-03 5.788E-04 5.780E-04 8.148E-07 2.15E-02
6.026E-03 5.634E-04 5.626E-04 8.009E-07 2.20E-02
5.957E-03 5.482E-04 5.474E-04 7.860E-07 2.25E-02
5.888E-03 5.332E-04 5.324E-04 7.700E-07 2.31E-02
5.821E-03 5.184E-04 5.177E-04 7.531E-07 2.36E-02
5.754E-03 5.039E-04 5.032E-04 7.351E-07 2.42E-02
5.689E-03 4.898E-04 4.890E-04 7.163E-07 2.47E-02
5.623E-03 4.761E-04 4.754E-04 6.970E-07 2.53E-02
5.559E-03 4.630E-04 4.623E-04 6.781E-07 2.59E-02
5.495E-03 4.502E-04 4.496E-04 6.577E-07 2.65E-02
5.433E-03 4.377E-04 4.371E-04 6.358E-07 2.72E-02
5.370E-03 4.255E-04 4.249E-04 6.125E-07 2.78E-02
5.309E-03 4.137E-04 4.131E-04 5.877E-07 2.85E-02
5.248E-03 4.024E-04 4.018E-04 5.615E-07 2.91E-02
5.188E-03 3.915E-04 3.909E-04 5.339E-07 2.98E-02
5.129E-03 3.808E-04 3.803E-04 5.187E-07 3.05E-02
5.070E-03 3.702E-04 3.697E-04 5.035E-07 3.12E-02
5.012E-03 3.598E-04 3.594E-04 4.787E-07 3.20E-02
4.955E-03 3.497E-04 3.493E-04 4.441E-07 3.27E-02
4.898E-03 3.400E-04 3.396E-04 4.000E-07 3.35E-02
4.842E-03 3.305E-04 3.302E-04 3.472E-07 3.43E-02
4.786E-03 3.215E-04 3.212E-04 2.873E-07 3.51E-02
4.732E-03 3.124E-04 3.122E-04 2.004E-07 3.59E-02
4.677E-03 3.033E-04 3.031E-04 1.067E-07 3.68E-02
4.624E-03 2.946E-04 2.945E-04 3.224E-08 6.52E-02
4.571E-03 2.860E-04 2.860E-04 3.984E-09 6.66E-02
4.519E-03 2.779E-04 2.779E-04 4.882E-08 5.41E-02
4.467E-03 2.705E-04 2.703E-04 2.110E-07 4.04E-02
4.416E-03 5.991E-03 5.989E-03 1.618E-06 4.14E-02
4.365E-03 5.874E-03 5.872E-03 1.459E-06 4.23E-02
4.315E-03 5.760E-03 5.758E-03 1.336E-06 4.33E-02
4.266E-03 5.645E-03 5.644E-03 1.323E-06 4.43E-02
4.217E-03 5.530E-03 5.529E-03 1.396E-06 4.54E-02
4.169E-03 5.416E-03 5.414E-03 1.527E-06 4.64E-02
4.121E-03 5.302E-03 5.300E-03 1.670E-06 4.75E-02
4.074E-03 5.189E-03 5.187E-03 1.764E-06 4.87E-02
4.027E-03 5.076E-03 5.075E-03 1.847E-06 4.98E-02
3.981E-03 4.965E-03 4.963E-03 1.910E-06 5.10E-02
3.935E-03 4.854E-03 4.852E-03 1.945E-06 5.22E-02
3.890E-03 4.744E-03 4.742E-03 1.944E-06 5.34E-02
3.846E-03 4.636E-03 4.634E-03 1.961E-06 5.47E-02
3.802E-03 4.530E-03 4.528E-03 2.002E-06 5.60E-02
3.758E-03 4.425E-03 4.423E-03 2.040E-06 5.73E-02
3.715E-03 4.321E-03 4.319E-03 2.074E-06 5.87E-02
3.673E-03 4.219E-03 4.217E-03 2.102E-06 6.01E-02
3.631E-03 4.120E-03 4.117E-03 2.127E-06 6.15E-02
3.589E-03 4.021E-03 4.019E-03 2.155E-06 6.29E-02
3.548E-03 3.924E-03 3.922E-03 2.180E-06 6.44E-02
3.508E-03 3.829E-03 3.826E-03 2.204E-06 6.60E-02
3.467E-03 3.735E-03 3.733E-03 2.224E-06 6.75E-02
3.428E-03 3.644E-03 3.641E-03 2.242E-06 6.91E-02
3.388E-03 3.553E-03 3.551E-03 2.260E-06 7.08E-02
3.350E-03 3.464E-03 3.462E-03 2.277E-06 7.25E-02
3.311E-03 3.377E-03 3.375E-03 2.291E-06 7.42E-02
3.273E-03 3.292E-03 3.290E-03 2.304E-06 7.59E-02
3.236E-03 3.210E-03 3.207E-03 2.315E-06 7.78E-02
3.199E-03 3.128E-03 3.126E-03 2.325E-06 7.96E-02
3.162E-03 3.048E-03 3.046E-03 2.334E-06 8.15E-02
3.126E-03 2.968E-03 2.966E-03 2.342E-06 8.34E-02
3.090E-03 2.891E-03 2.889E-03 2.349E-06 8.54E-02
3.055E-03 2.821E-03 2.818E-03 2.356E-06 8.75E-02
3.020E-03 2.750E-03 2.747E-03 2.362E-06 8.95E-02
2.985E-03 2.679E-03 2.677E-03 2.367E-06 9.17E-02
2.951E-03 2.609E-03 2.607E-03 2.371E-06 9.39E-02
2.917E-03 2.539E-03 2.537E-03 2.374E-06 9.61E-02
2.884E-03 2.470E-03 2.468E-03 2.376E-06 9.84E-02
2.851E-03 2.402E-03 2.400E-03 2.376E-06 1.01E-01
2.818E-03 2.335E-03 2.332E-03 2.376E-06 1.03E-01
2.786E-03 2.268E-03 2.266E-03 2.374E-06 1.06E-01
2.754E-03 2.204E-03 2.201E-03 2.372E-06 1.08E-01
2.723E-03 2.143E-03 2.141E-03 2.368E-06 1.11E-01
2.692E-03 2.084E-03 2.081E-03 2.363E-06 1.13E-01
2.661E-03 2.025E-03 2.023E-03 2.357E-06 1.16E-01
2.630E-03 1.968E-03 1.966E-03 2.350E-06 1.19E-01
2.600E-03 1.912E-03 1.910E-03 2.341E-06 1.22E-01
2.570E-03 1.858E-03 1.856E-03 2.332E-06 1.25E-01
2.541E-03 1.806E-03 1.803E-03 2.322E-06 1.28E-01
2.512E-03 1.755E-03 1.753E-03 2.311E-06 1.31E-01
2.483E-03 1.707E-03 1.705E-03 2.299E-06 1.34E-01
2.455E-03 1.659E-03 1.657E-03 2.288E-06 1.37E-01
2.427E-03 1.611E-03 1.609E-03 2.276E-06 1.40E-01
2.399E-03 1.565E-03 1.563E-03 2.263E-06 1.44E-01
2.371E-03 1.519E-03 1.517E-03 2.250E-06 1.47E-01
2.344E-03 1.475E-03 1.473E-03 2.237E-06 1.51E-01
2.317E-03 1.432E-03 1.430E-03 2.222E-06 1.54E-01
2.291E-03 1.391E-03 1.389E-03 2.208E-06 1.58E-01
2.265E-03 1.351E-03 1.349E-03 2.193E-06 1.62E-01
2.239E-03 1.313E-03 1.311E-03 2.177E-06 1.65E-01
2.213E-03 1.274E-03 1.272E-03 2.161E-06 1.69E-01
2.188E-03 1.237E-03 1.235E-03 2.144E-06 1.73E-01
2.163E-03 1.200E-03 1.198E-03 2.127E-06 1.78E-01
2.138E-03 1.164E-03 1.162E-03 2.109E-06 1.82E-01
2.113E-03 1.130E-03 1.128E-03 2.091E-06 1.86E-01
2.089E-03 1.097E-03 1.094E-03 2.073E-06 1.91E-01
2.065E-03 1.065E-03 1.063E-03 2.055E-06 1.95E-01
2.042E-03 1.033E-03 1.031E-03 2.036E-06 2.00E-01
2.018E-03 1.002E-03 1.000E-03 2.016E-06 2.05E-01
1.995E-03 9.720E-04 9.700E-04 1.996E-06 2.09E-01
1.972E-03 9.426E-04 9.406E-04 1.976E-06 2.14E-01
1.950E-03 9.142E-04 9.122E-04 1.956E-06 2.20E-01
1.928E-03 8.868E-04 8.849E-04 1.935E-06 2.25E-01
1.905E-03 8.606E-04 8.587E-04 1.915E-06 2.30E-01
1.884E-03 8.345E-04 8.327E-04 1.893E-06 2.36E-01
1.862E-03 8.091E-04 8.072E-04 1.872E-06 2.41E-01
1.841E-03 7.842E-04 7.824E-04 1.849E-06 2.47E-01
1.820E-03 7.602E-04 7.583E-04 1.827E-06 2.53E-01
1.799E-03 7.369E-04 7.351E-04 1.804E-06 2.59E-01
1.778E-03 7.146E-04 7.128E-04 1.782E-06 2.65E-01
1.758E-03 6.929E-04 6.911E-04 1.759E-06 2.71E-01
1.738E-03 6.716E-04 6.698E-04 1.736E-06 2.77E-01
1.718E-03 6.508E-04 6.491E-04 1.712E-06 2.84E-01
1.698E-03 6.306E-04 6.289E-04 1.689E-06 2.90E-01
1.679E-03 6.112E-04 6.095E-04 1.665E-06 2.97E-01
1.660E-03 5.925E-04 5.908E-04 1.642E-06 3.04E-01
1.641E-03 5.743E-04 5.727E-04 1.618E-06 3.11E-01
1.622E-03 5.564E-04 5.548E-04 1.595E-06 3.18E-01
1.603E-03 5.390E-04 5.374E-04 1.571E-06 3.25E-01
1.585E-03 5.221E-04 5.205E-04 1.547E-06 3.33E-01
1.567E-03 5.058E-04 5.043E-04 1.524E-06 3.40E-01
1.549E-03 4.902E-04 4.887E-04 1.500E-06 3.48E-01
1.531E-03 4.749E-04 4.734E-04 1.477E-06 3.56E-01
1.514E-03 4.599E-04 4.585E-04 1.453E-06 3.64E-01
1.496E-03 4.454E-04 4.440E-04 1.429E-06 3.72E-01
1.479E-03 4.314E-04 4.300E-04 1.405E-06 3.80E-01
1.462E-03 4.180E-04 4.166E-04 1.382E-06 3.88E-01
1.445E-03 4.048E-04 4.035E-04 1.358E-06 3.97E-01
1.429E-03 3.920E-04 3.907E-04 1.335E-06 4.06E-01
1.413E-03 3.795E-04 3.782E-04 1.312E-06 4.14E-01
1.396E-03 3.674E-04 3.662E-04 1.289E-06 4.23E-01
1.380E-03 3.558E-04 3.546E-04 1.266E-06 4.32E-01
1.365E-03 3.446E-04 3.433E-04 1.243E-06 4.41E-01
1.349E-03 3.336E-04 3.324E-04 1.220E-06 4.50E-01
1.334E-03 3.230E-04 3.218E-04 1.198E-06 4.59E-01
1.318E-03 3.127E-04 3.115E-04 1.176E-06 4.69E-01
1.303E-03 3.029E-04 3.017E-04 1.154E-06 4.78E-01
1.288E-03 2.934E-04 2.923E-04 1.132E-06 4.88E-01
1.274E-03 2.841E-04 2.830E-04 1.110E-06 4.97E-01
1.259E-03 2.749E-04 2.739E-04 1.089E-06 5.07E-01
1.245E-03 2.660E-04 2.649E-04 1.067E-06 5.16E-01
1.230E-03 2.577E-04 2.567E-04 1.047E-06 5.26E-01
1.216E-03 2.498E-04 2.488E-04 1.027E-06 5.36E-01
1.202E-03 2.419E-04 2.409E-04 1.007E-06 5.45E-01
1.189E-03 2.342E-04 2.332E-04 9.875E-07 5.55E-01
1.175E-03 2.266E-04 2.256E-04 9.678E-07 5.64E-01
1.161E-03 2.191E-04 2.182E-04 9.481E-07 5.74E-01
1.148E-03 2.118E-04 2.109E-04 9.286E-07 5.83E-01
1.135E-03 2.048E-04 2.039E-04 9.094E-07 5.93E-01
1.122E-03 1.980E-04 1.971E-04 8.909E-07 6.02E-01
1.109E-03 1.916E-04 1.907E-04 8.728E-07 6.11E-01
1.096E-03 1.853E-04 1.845E-04 8.549E-07 6.20E-01
1.084E-03 1.792E-04 1.784E-04 8.372E-07 6.29E-01
1.072E-03 1.733E-04 1.725E-04 8.199E-07 6.38E-01
1.059E-03 1.677E-04 1.669E-04 8.031E-07 6.47E-01
1.047E-03 1.622E-04 1.615E-04 7.866E-07 6.55E-01
1.035E-03 1.571E-04 1.563E-04 7.709E-07 6.63E-01
1.023E-03 1.520E-04 1.513E-04 7.552E-07 6.72E-01
1.012E-03 1.471E-04 1.463E-04 7.398E-07 6.79E-01
1.000E-03 1.422E-04 1.415E-04 7.247E-07 6.87E-01
